0;0;0;0;null
0;3;-15;5;null
0;13;-15;5;2561
0;19;15;15;2561
0;29;15;15;null
0;35;-15;5;null
0;45;-15;5;2562
0;245;985;95;2562
0;255;985;95;null
0;455;-15;5;null
0;465;-15;5;2563
0;665;985;45;2563
0;675;985;45;null
0;875;-15;5;null
0;885;-15;5;2564
0;1085;985;15;2564
0;1095;985;15;null
0;1295;-15;5;null
0;1305;-15;5;2565
0;1312;20;15;2565
0;1322;20;15;null
0;1329;-15;5;null
0;1339;-15;5;2566
0;1347;25;25;2566
0;1357;25;25;null
0;1365;-15;5;null
0;1375;-15;5;2567
0;1574;980;85;2567
0;1584;980;85;null
0;1783;-15;5;null
0;1793;-15;5;2568
0;1993;985;85;2568
0;2003;985;85;null
0;2203;-15;5;null
0;2213;-15;5;2569
0;2412;980;15;2569
0;2422;980;15;null
0;2621;-15;5;null
0;2631;-15;5;2570
0;2837;1015;5;2570
0;2847;1015;5;null
0;2905;725;65;null
0;2915;725;65;2008
0;2916;720;55;2008
0;2926;720;55;null
0;2928;730;65;null
0;2938;730;65;1606
0;2995;1015;5;1606
0;3005;1015;5;null
0;3037;855;45;null
0;3047;855;45;2273
0;3050;840;55;2273
0;3060;840;55;null
0;3064;860;45;null
0;3074;860;45;2099
0;3105;1015;5;2099
0;3115;1015;5;null
0;3166;760;85;null
0;3176;760;85;2101
0;3178;770;75;2101
0;3188;770;75;null
0;3191;755;85;null
0;3201;755;85;1903
0;3203;745;75;1903
0;3213;745;75;null
0;3214;750;85;null
0;3224;750;85;1779
0;3277;1015;5;1779
0;3287;1015;5;null
0;3493;-15;5;null
0;3503;-15;5;2571
0;3701;975;65;2571
0;3711;975;65;null
0;3909;-15;5;null
0;3919;-15;5;2572
0;3926;20;25;2572
0;3936;20;25;null
0;3943;-15;5;null
0;3953;-15;5;2573
0;4152;980;65;2573
0;4162;980;65;null
0;4361;-15;5;null
0;4371;-15;5;2574
0;4568;970;95;2574
0;4578;970;95;null
0;4775;-15;5;null
0;4785;-15;5;2575
0;4790;10;45;2575
0;4800;10;45;null
0;4805;-15;5;null
0;4815;-15;5;2576
0;4824;30;25;2576
0;4834;30;25;null
0;4843;-15;5;null
0;4853;-15;5;2577
0;5050;970;85;2577
0;5060;970;85;null
0;5257;-15;5;null
0;5267;-15;5;2578
0;5465;975;85;2578
0;5475;975;85;null
0;5673;-15;5;null
0;5683;-15;5;2579
0;5882;980;85;2579
0;5892;980;85;null
0;6091;-15;5;null
0;6101;-15;5;2580
0;6307;1015;5;2580
0;6317;1015;5;null
0;6380;700;75;null
0;6390;700;75;2480
0;6393;685;85;2480
0;6403;685;85;null
0;6407;705;75;null
0;6417;705;75;1038
0;6418;700;65;1038
0;6428;700;65;null
0;6429;695;75;null
0;6439;695;75;1683
0;6440;700;85;1683
0;6450;700;85;null
0;6451;700;75;null
0;6461;700;75;789
0;6524;1015;5;789
0;6534;1015;5;null
0;6740;-15;5;null
0;6750;-15;5;2581
0;6758;25;35;2581
0;6768;25;35;null
0;6776;-15;5;null
0;6786;-15;5;2582
0;6983;970;75;2582
0;6993;970;75;null
0;7190;-15;5;null
0;7200;-15;5;2583
0;7398;975;75;2583
0;7408;975;75;null
0;7606;-15;5;null
0;7616;-15;5;2584
0;7813;970;55;2584
0;7823;970;55;null
0;8020;-15;5;null
0;8030;-15;5;2585
0;8227;970;45;2585
0;8237;970;45;null
0;8434;-15;5;null
0;8444;-15;5;2586
0;8451;20;35;2586
0;8461;20;35;null
0;8468;-15;5;null
0;8478;-15;5;2587
0;8485;20;45;2587
0;8495;20;45;null
0;8502;-15;5;null
0;8512;-15;5;2588
0;8709;970;35;2588
0;8719;970;35;null
0;8916;-15;5;null
0;8926;-15;5;2589
0;9125;980;75;2589
0;9135;980;75;null
0;9334;-15;5;null
0;9344;-15;5;2590
0;9350;15;45;2590
0;9360;15;45;null
0;9366;-15;5;null
0;9376;-15;5;2591
0;9574;975;95;2591
0;9584;975;95;null
0;9782;-15;5;null
0;9792;-15;5;2592
0;9801;30;35;2592
0;9811;30;35;null
0;9820;-15;5;null
0;9830;-15;5;2593
0;9839;30;45;2593
0;9849;30;45;null
0;9858;-15;5;null
0;9868;-15;5;2594
0;9876;25;45;2594
0;9886;25;45;null
0;9894;-15;5;null
0;9904;-15;5;2595
0;9911;20;45;2595
0;9921;20;45;null
0;9928;-15;5;null
0;9938;-15;5;2596
0;9945;20;55;2596
0;9955;20;55;null
0;9962;-15;5;null
0;9972;-15;5;2597
0;9982;35;45;2597
0;9992;35;45;null
0;10002;-15;5;null
0;10012;-15;5;2598
0;10021;30;45;2598
0;10031;30;45;null
0;10040;-15;5;null
0;10050;-15;5;2599
0;10248;975;35;2599
0;10258;975;35;null
0;10456;-15;5;null
0;10466;-15;5;2600
0;10479;50;15;2600
0;10489;50;15;null
0;10502;-15;5;null
0;10512;-15;5;2601
0;10711;980;35;2601
0;10721;980;35;null
0;10920;-15;5;null
0;10930;-15;5;2602
0;10942;45;35;2602
0;10952;45;35;null
0;10964;-15;5;null
0;10974;-15;5;2603
0;10985;40;35;2603
0;10995;40;35;null
0;11006;-15;5;null
0;11016;-15;5;2604
0;11213;970;25;2604
0;11223;970;25;null
0;11420;-15;5;null
0;11430;-15;5;2605
0;11628;975;25;2605
0;11638;975;25;null
0;11836;-15;5;null
0;11846;-15;5;2606
0;11852;15;65;2606
0;11862;15;65;null
0;11868;-15;5;null
0;11878;-15;5;2607
0;11887;30;55;2607
0;11897;30;55;null
0;11906;-15;5;null
0;11916;-15;5;2608
0;12115;980;25;2608
0;12125;980;25;null
0;12324;-15;5;null
0;12334;-15;5;2609
0;12532;975;45;2609
0;12542;975;45;null
0;12740;-15;5;null
0;12750;-15;5;2610
0;12956;1015;5;2610
0;12966;1015;5;null
0;13068;505;15;null
0;13078;505;15;2137
0;13079;510;25;2137
0;13089;510;25;null
0;13092;495;15;null
0;13102;495;15;2309
0;13104;505;25;2309
0;13114;505;25;null
0;13115;500;15;null
0;13125;500;15;1967
0;13126;495;5;1967
0;13136;495;5;null
0;13137;490;15;null
0;13147;490;15;1087
0;13149;500;5;1087
0;13159;500;5;null
0;13160;495;15;null
0;13170;495;15;10
0;13274;1015;5;10
0;13284;1015;5;null
0;13291;980;65;null
0;13301;980;65;2573
0;13308;1015;5;2573
0;13318;1015;5;null
0;13327;975;95;null
0;13337;975;95;2591
0;13346;1015;5;2591
0;13356;1015;5;null
0;13365;970;95;null
0;13375;970;95;2574
0;13384;1015;5;2574
0;13394;1015;5;null
0;13589;40;25;null
0;13599;40;25;2205
0;13601;50;35;2205
0;13611;50;35;null
0;13615;30;25;null
0;13625;30;25;2576
0;13627;40;45;2576
0;13637;40;45;null
0;13641;20;25;null
0;13651;20;25;2572
0;13655;40;55;2572
0;13665;40;55;null
0;13668;45;25;null
0;13678;45;25;1954
0;13681;60;35;1954
0;13691;60;35;null
0;13696;35;25;null
0;13706;35;25;1928
0;13712;65;15;1928
0;13722;65;15;null
0;13730;25;25;null
0;13740;25;25;2566
0;13747;60;15;2566
0;13757;60;15;null
0;13761;40;25;null
0;13771;40;25;1086
0;13775;60;5;1086
0;13785;60;5;null
0;13791;30;25;null
0;13801;30;25;1578
0;13806;55;5;1578
0;13816;55;5;null
0;13820;35;25;null
0;13830;35;25;1055
0;14026;1015;5;1055
0;14036;1015;5;null
0;14043;980;35;null
0;14053;980;35;2601
0;14060;1015;5;2601
0;14070;1015;5;null
0;14077;980;75;null
0;14087;980;75;2589
0;14094;1015;5;2589
0;14104;1015;5;null
0;14296;55;25;null
0;14306;55;25;1789
0;14498;1015;5;1789
0;14508;1015;5;null
0;14516;980;85;null
0;14526;980;85;2579
0;14719;15;75;2579
0;14729;15;75;null
0;14923;985;85;null
0;14933;985;85;2568
0;14941;1015;5;2568
0;14951;1015;5;null
0;15151;15;75;null
0;15161;15;75;2579
0;15361;1015;5;2579
0;15371;1015;5;null
0;15527;235;55;null
0;15537;235;55;1931
0;15538;240;65;1931
0;15548;240;65;null
0;15551;225;55;null
0;15561;225;55;1825
0;15562;230;65;1825
0;15572;230;65;null
0;15574;240;55;null
0;15584;240;55;1150
0;15585;235;45;1150
0;15595;235;45;null
0;15596;230;55;null
0;15606;230;55;1220
0;15607;225;45;1220
0;15617;225;45;null
0;15619;235;55;null
0;15629;235;55;988
0;15785;1015;5;988
0;15795;1015;5;null
0;15802;980;15;null
0;15812;980;15;2569
0;15819;1015;5;2569
0;15829;1015;5;null
0;15954;390;45;null
0;15964;390;45;2527
0;15966;380;35;2527
0;15976;380;35;null
0;15977;385;45;null
0;15987;385;45;2516
0;15988;390;55;2516
0;15998;390;55;null
0;16001;375;45;null
0;16011;375;45;2371
0;16012;370;55;2371
0;16022;370;55;null
0;16024;380;45;null
0;16034;380;45;1295
0;16036;390;35;1295
0;16046;390;35;null
0;16050;370;45;null
0;16060;370;45;1263
0;16062;360;55;1263
0;16072;360;55;null
0;16075;375;45;null
0;16085;375;45;1246
0;16213;1015;5;1246
0;16223;1015;5;null
0;16231;975;65;null
0;16241;975;65;2571
0;16249;1015;5;2571
0;16259;1015;5;null
0;16267;975;85;null
0;16277;975;85;2578
0;16285;1015;5;2578
0;16295;1015;5;null
0;16303;975;75;null
0;16313;975;75;2583
0;16321;1015;5;2583
0;16331;1015;5;null
0;16339;975;45;null
0;16349;975;45;2609
0;16357;1015;5;2609
0;16367;1015;5;null
0;16407;815;35;null
0;16417;815;35;2251
0;16418;810;45;2251
0;16428;810;45;null
0;16430;820;35;null
0;16440;820;35;2056
0;16479;1015;5;2056
0;16489;1015;5;null
0;16504;940;55;null
0;16514;940;55;2113
0;16515;935;45;2113
0;16525;935;45;null
0;16526;935;55;null
0;16536;935;55;2012
0;16537;940;65;2012
0;16547;940;65;null
0;16550;925;55;null
0;16560;925;55;2329
0;16561;930;45;2329
0;16571;930;45;null
0;16572;930;55;null
0;16582;930;55;1777
0;16599;1015;5;1777
0;16609;1015;5;null
0;16617;980;85;null
0;16627;980;85;2567
0;16635;1015;5;2567
0;16645;1015;5;null
0;16826;110;45;null
0;16836;110;45;621
0;16837;115;55;621
0;16847;115;55;null
0;16848;115;45;null
0;16858;115;45;116
0;17038;1015;5;116
0;17048;1015;5;null
0;17054;985;45;null
0;17064;985;45;2563
0;17070;1015;5;2563
0;17080;1015;5;null
0;17089;970;55;null
0;17099;970;55;2584
0;17108;1015;5;2584
0;17118;1015;5;null
0;17285;180;35;null
0;17295;180;35;2157
0;17298;165;45;2157
0;17308;165;45;null
0;17314;195;35;null
0;17324;195;35;1833
0;17325;200;45;1833
0;17335;200;45;null
0;17338;185;35;null
0;17348;185;35;1913
0;17349;180;45;1913
0;17359;180;45;null
0;17361;190;35;null
0;17371;190;35;1236
0;17536;1015;5;1236
0;17546;1015;5;null
0;17575;870;75;null
0;17585;870;75;2054
0;17586;865;65;2054
0;17596;865;65;null
0;17597;860;75;null
0;17607;860;75;2556
0;17609;870;85;2556
0;17619;870;85;null
0;17620;865;75;null
0;17630;865;75;1717
0;17631;860;65;1717
0;17641;860;65;null
0;17642;855;75;null
0;17652;855;75;2415
0;17654;845;85;2415
0;17664;845;85;null
0;17667;860;75;null
0;17677;860;75;1039
0;17708;1015;5;1039
0;17718;1015;5;null
0;17727;970;75;null
0;17737;970;75;2582
0;17746;1015;5;2582
0;17756;1015;5;null
0;17765;970;45;null
0;17775;970;45;2585
0;17784;1015;5;2585
0;17794;1015;5;null
0;17871;630;95;null
0;17881;630;95;2129
0;17883;640;85;2129
0;17893;640;85;null
0;17896;625;95;null
0;17906;625;95;1883
0;17907;630;85;1883
0;17917;630;85;null
0;17920;615;95;null
0;17930;615;95;2039
0;17932;625;85;2039
0;17942;625;85;null
0;17943;620;95;null
0;17953;620;95;855
0;17956;635;85;855
0;17966;635;85;null
0;17971;610;95;null
0;17981;610;95;1920
0;17983;620;85;1920
0;17993;620;85;null
0;17994;615;95;null
0;18004;615;95;775
0;18084;1015;5;775
0;18094;1015;5;null
0;18101;980;25;null
0;18111;980;25;2608
0;18118;1015;5;2608
0;18128;1015;5;null
0;18315;80;95;null
0;18325;80;95;2236
0;18512;1015;5;2236
0;18522;1015;5;null
0;18627;490;75;null
0;18637;490;75;2215
0;18742;1015;5;2215
0;18752;1015;5;null
0;18760;975;25;null
0;18770;975;25;2605
0;18778;1015;5;2605
0;18788;1015;5;null
0;18796;975;35;null
0;18806;975;35;2599
0;18814;1015;5;2599
0;18824;1015;5;null
0;18833;985;95;null
0;18843;985;95;2562
0;18852;1015;5;2562
0;18862;1015;5;null
0;19062;15;25;null
0;19072;15;25;2383
0;19079;50;5;2383
0;19089;50;5;null
0;19095;20;25;null
0;19105;20;25;2360
0;19304;1015;5;2360
0;19314;1015;5;null
0;19323;970;85;null
0;19333;970;85;2577
0;19342;1015;5;2577
0;19352;1015;5;null
0;19361;970;35;null
0;19371;970;35;2588
0;19380;1015;5;2588
0;19390;1015;5;null
0;19399;970;25;null
0;19409;970;25;2604
0;19418;1015;5;2604
0;19428;1015;5;null
0;19475;780;5;null
0;19485;780;5;2319
0;19486;775;15;2319
0;19496;775;15;null
0;19499;760;5;null
0;19509;760;5;2427
0;19511;770;15;2427
0;19521;770;15;null
0;19522;775;5;null
0;19532;775;5;2146
0;19533;780;15;2146
0;19543;780;15;null
0;19546;765;5;null
0;19556;765;5;2426
0;19559;750;15;2426
0;19569;750;15;null
0;19573;770;5;null
0;19583;770;5;1620
0;19632;1015;5;1620
0;19642;1015;5;null
0;19677;840;15;null
0;19687;840;15;2303
0;19689;830;25;2303
0;19699;830;25;null
0;19700;830;15;null
0;19710;830;15;2256
0;19712;840;5;2256
0;19722;840;5;null
0;19723;845;15;null
0;19733;845;15;1113
0;19736;860;5;1113
0;19746;860;5;null
0;19751;835;15;null
0;19761;835;15;2168
0;19764;820;5;2168
0;19774;820;5;null
0;19778;840;15;null
0;19788;840;15;830
0;19823;1015;5;830
0;19833;1015;5;null
0;20017;95;45;null
0;20027;95;45;2156
0;20211;1015;5;2156
0;20221;1015;5;null
0;20227;985;15;null
0;20237;985;15;2564
0;20243;1015;5;2564
0;20253;1015;5;null
0;20318;690;65;null
0;20328;690;65;2229
0;20329;685;75;2229
0;20339;685;75;null
0;20342;670;65;null
0;20352;670;65;1957
0;20353;675;55;1957
0;20363;675;55;null
0;20365;685;65;null
0;20375;685;65;1640
0;20376;680;55;1640
0;20386;680;55;null
0;20387;675;65;null
0;20397;675;65;1926
0;20398;680;75;1926
0;20408;680;75;null
0;20409;680;65;null
0;20419;680;65;1432
0;20486;1015;5;1432
0;20496;1015;5;null