0;0;0;0;null
0;3;-15;5;null
0;13;-15;5;2600
0;17;5;5;2600
0;27;5;5;null
0;31;-15;5;null
0;41;-15;5;2601
0;47;15;5;2601
0;57;15;5;null
0;63;-15;5;null
0;73;-15;5;2602
0;77;5;15;2602
0;87;5;15;null
0;91;-15;5;null
0;101;-15;5;2603
0;303;995;95;2603
0;313;995;95;null
0;515;-15;5;null
0;525;-15;5;2604
0;727;995;95;2604
0;737;995;95;null
0;939;-15;5;null
0;949;-15;5;2605
0;957;25;5;2605
0;967;25;5;null
0;975;-15;5;null
0;985;-15;5;2606
0;1185;985;95;2606
0;1195;985;95;null
0;1395;-15;5;null
0;1405;-15;5;2607
0;1413;25;5;2607
0;1423;25;5;null
0;1431;-15;5;null
0;1441;-15;5;2608
0;1447;15;15;2608
0;1457;15;15;null
0;1463;-15;5;null
0;1473;-15;5;2609
0;1673;985;95;2609
0;1683;985;95;null
0;1883;-15;5;null
0;1893;-15;5;2610
0;2095;995;85;2610
0;2105;995;85;null
0;2307;-15;5;null
0;2317;-15;5;2611
0;2519;995;85;2611
0;2529;995;85;null
0;2731;-15;5;null
0;2741;-15;5;2612
0;2747;15;15;2612
0;2757;15;15;null
0;2763;-15;5;null
0;2773;-15;5;2613
0;2973;985;85;2613
0;2983;985;85;null
0;3183;-15;5;null
0;3193;-15;5;2614
0;3395;995;75;2614
0;3405;995;75;null
0;3607;-15;5;null
0;3617;-15;5;2615
0;3815;975;95;2615
0;3825;975;95;null
0;4023;-15;5;null
0;4033;-15;5;2616
0;4231;975;95;2616
0;4241;975;95;null
0;4439;-15;5;null
0;4449;-15;5;2617
0;4651;995;65;2617
0;4661;995;65;null
0;4863;-15;5;null
0;4873;-15;5;2618
0;4877;5;35;2618
0;4887;5;35;null
0;4891;-15;5;null
0;4901;-15;5;2619
0;5097;965;95;2619
0;5107;965;95;null
0;5303;-15;5;null
0;5313;-15;5;2620
0;5509;965;95;2620
0;5519;965;95;null
0;5715;-15;5;null
0;5725;-15;5;2621
0;5919;955;95;2621
0;5929;955;95;null
0;6123;-15;5;null
0;6133;-15;5;2622
0;6331;975;75;2622
0;6341;975;75;null
0;6539;-15;5;null
0;6549;-15;5;2623
0;6555;15;25;2623
0;6565;15;25;null
0;6571;-15;5;null
0;6581;-15;5;2624
0;6585;5;35;2624
0;6595;5;35;null
0;6599;-15;5;null
0;6609;-15;5;2625
0;6809;985;65;2625
0;6819;985;65;null
0;7019;-15;5;null
0;7029;-15;5;2626
0;7039;35;5;2626
0;7049;35;5;null
0;7059;-15;5;null
0;7069;-15;5;2627
0;7265;965;85;2627
0;7275;965;85;null
0;7471;-15;5;null
0;7481;-15;5;2628
0;7489;25;25;2628
0;7499;25;25;null
0;7507;-15;5;null
0;7517;-15;5;2629
0;7523;15;25;2629
0;7533;15;25;null
0;7539;-15;5;null
0;7549;-15;5;2630
0;7745;965;85;2630
0;7755;965;85;null
0;7951;-15;5;null
0;7961;-15;5;2631
0;7971;35;15;2631
0;7981;35;15;null
0;7991;-15;5;null
0;8001;-15;5;2632
0;8195;955;85;2632
0;8205;955;85;null
0;8399;-15;5;null
0;8409;-15;5;2633
0;8417;25;25;2633
0;8427;25;25;null
0;8435;-15;5;null
0;8445;-15;5;2634
0;8453;25;25;2634
0;8463;25;25;null
0;8471;-15;5;null
0;8481;-15;5;2635
0;8675;955;85;2635
0;8685;955;85;null
0;8879;-15;5;null
0;8889;-15;5;2636
0;8893;5;45;2636
0;8903;5;45;null
0;8907;-15;5;null
0;8917;-15;5;2637
0;9113;965;75;2637
0;9123;965;75;null
0;9319;-15;5;null
0;9329;-15;5;2638
0;9525;965;75;2638
0;9535;965;75;null
0;9731;-15;5;null
0;9741;-15;5;2639
0;9941;985;55;2639
0;9951;985;55;null
0;10151;-15;5;null
0;10161;-15;5;2640
0;10367;1015;5;2640
0;10377;1015;5;null
0;10381;995;15;null
0;10391;995;15;898
0;10395;1015;5;898
0;10405;1015;5;null
0;10607;5;5;null
0;10617;5;5;2600
0;10819;1015;5;2600
0;10829;1015;5;null
0;10963;345;35;null
0;10973;345;35;2189
0;11107;1015;5;2189
0;11117;1015;5;null
0;11233;435;15;null
0;11243;435;15;919
0;11353;985;55;919
0;11363;985;55;null
0;11473;435;15;null
0;11483;435;15;859
0;11595;995;45;859
0;11605;995;45;null
0;11717;435;15;null
0;11727;435;15;616
0;11839;995;45;616
0;11849;995;45;null
0;11961;435;15;null
0;11971;435;15;221
0;12087;1015;5;221
0;12097;1015;5;null
0;12129;855;65;null
0;12139;855;65;1722
0;12167;995;45;1722
0;12177;995;45;null
0;12205;855;65;null
0;12215;855;65;1471
0;12243;995;45;1471
0;12253;995;45;null
0;12281;855;65;null
0;12291;855;65;1044
0;12323;1015;5;1044
0;12333;1015;5;null
0;12469;335;25;null
0;12479;335;25;2442
0;12607;975;55;2442
0;12617;975;55;null
0;12745;335;25;null
0;12755;335;25;1785
0;12885;985;45;1785
0;12895;985;45;null
0;13025;335;25;null
0;13035;335;25;1753
0;13171;1015;5;1753
0;13181;1015;5;null
0;13379;25;5;null
0;13389;25;5;2607
0;13587;1015;5;2607
0;13597;1015;5;null
0;13799;5;35;null
0;13809;5;35;2624
0;14011;1015;5;2624
0;14021;1015;5;null
0;14189;175;55;null
0;14199;175;55;1871
0;14357;965;65;1871
0;14367;965;65;null
0;14525;175;55;null
0;14535;175;55;1744
0;14703;1015;5;1744
0;14713;1015;5;null
0;14761;775;35;null
0;14771;775;35;1347
0;14819;1015;5;1347
0;14829;1015;5;null
0;15035;-15;5;null
0;15045;-15;5;2641
0;15251;1015;5;2641
0;15261;1015;5;null
0;15461;15;25;null
0;15471;15;25;2629
0;15671;1015;5;2629
0;15681;1015;5;null
0;15757;635;85;null
0;15767;635;85;1983
0;15833;965;65;1983
0;15843;965;65;null
0;15909;635;85;null
0;15919;635;85;1829
0;15995;1015;5;1829
0;16005;1015;5;null
0;16181;135;55;null
0;16191;135;55;2488
0;16357;965;65;2488
0;16367;965;65;null
0;16533;135;55;null
0;16543;135;55;1761
0;16709;965;65;1761
0;16719;965;65;null
0;16885;135;55;null
0;16895;135;55;932
0;17067;995;35;932
0;17077;995;35;null
0;17249;135;55;null
0;17259;135;55;876
0;17435;1015;5;876
0;17445;1015;5;null
0;17619;145;25;null
0;17629;145;25;2088
0;17803;1015;5;2088
0;17813;1015;5;null
0;18019;-15;5;null
0;18029;-15;5;2642
0;18033;5;5;2642
0;18043;5;5;null
0;18047;-15;5;null
0;18057;-15;5;2643
0;18259;995;35;2643
0;18269;995;35;null
0;18471;-15;5;null
0;18481;-15;5;2644
0;18687;1015;5;2644
0;18697;1015;5;null
0;18711;945;95;null
0;18721;945;95;2447
0;18731;995;35;2447
0;18741;995;35;null
0;18751;945;95;null
0;18761;945;95;1356
0;18771;995;35;1356
0;18781;995;35;null
0;18791;945;95;null
0;18801;945;95;1293
0;18815;1015;5;1293
0;18825;1015;5;null
0;18895;665;5;null
0;18905;665;5;2470
0;18975;1015;5;2470
0;18985;1015;5;null
0;19185;15;25;null
0;19195;15;25;2623
0;19395;1015;5;2623
0;19405;1015;5;null
0;19611;-15;5;null
0;19621;-15;5;2645
0;19813;945;95;2645
0;19823;945;95;null
0;20015;-15;5;null
0;20025;-15;5;2646
0;20029;5;5;2646
0;20039;5;5;null
0;20043;-15;5;null
0;20053;-15;5;2647
0;20245;945;95;2647
0;20255;945;95;null
0;20447;-15;5;null
0;20457;-15;5;2648
0;20663;1015;5;2648
0;20673;1015;5;null
0;20735;705;65;null
0;20745;705;65;2487
0;20807;1015;5;2487
0;20817;1015;5;null
0;20863;785;5;null
0;20873;785;5;2519
0;20905;945;95;2519
0;20915;945;95;null
0;20947;785;5;null
0;20957;785;5;583
0;20985;925;95;583
0;20995;925;95;null
0;21023;785;5;null
0;21033;785;5;446
0;21079;1015;5;446
0;21089;1015;5;null
0;21233;295;25;null
0;21243;295;25;2366
0;21373;945;75;2366
0;21383;945;75;null
0;21513;295;25;null
0;21523;295;25;2278
0;21667;1015;5;2278
0;21677;1015;5;null
0;21815;325;15;null
0;21825;325;15;1258
0;21953;965;55;1258
0;21963;965;55;null
0;22091;325;15;null
0;22101;325;15;983
0;22239;1015;5;983
0;22249;1015;5;null
0;22445;35;15;null
0;22455;35;15;2631
0;22651;1015;5;2631
0;22661;1015;5;null
0;22863;5;5;null
0;22873;5;5;2646
0;23075;1015;5;2646
0;23085;1015;5;null
0;23245;215;25;null
0;23255;215;25;1955
0;23415;1015;5;1955
0;23425;1015;5;null
0;23627;5;5;null
0;23637;5;5;2642
0;23839;1015;5;2642
0;23849;1015;5;null
0;23889;815;65;null
0;23899;815;65;2123
0;23929;965;55;2123
0;23939;965;55;null
0;23969;815;65;null
0;23979;815;65;2117
0;24011;975;45;2117
0;24021;975;45;null
0;24053;815;65;null
0;24063;815;65;1193
0;24103;1015;5;1193
0;24113;1015;5;null
0;24259;285;15;null
0;24269;285;15;2145
0;24407;975;45;2145
0;24417;975;45;null
0;24555;285;15;null
0;24565;285;15;1401
0;24711;1015;5;1401
0;24721;1015;5;null
0;24831;465;45;null
0;24841;465;45;2256
0;24947;995;25;2256
0;24957;995;25;null
0;25063;465;45;null
0;25073;465;45;1847
0;25179;995;25;1847
0;25189;995;25;null
0;25295;465;45;null
0;25305;465;45;1237
0;25399;935;85;1237
0;25409;935;85;null
0;25503;465;45;null
0;25513;465;45;1021
0;25623;1015;5;1021
0;25633;1015;5;null
0;25835;5;15;null
0;25845;5;15;2602
0;26047;1015;5;2602
0;26057;1015;5;null
0;26123;685;75;null
0;26133;685;75;2041
0;26183;935;85;2041
0;26193;935;85;null
0;26243;685;75;null
0;26253;685;75;1988
0;26303;935;85;1988
0;26313;935;85;null
0;26363;685;75;null
0;26373;685;75;1876
0;26439;1015;5;1876
0;26449;1015;5;null
0;26647;25;25;null
0;26657;25;25;2634
0;26855;1015;5;2634
0;26865;1015;5;null
0;26983;425;75;null
0;26993;425;75;2505
0;27093;925;85;2505
0;27103;925;85;null
0;27203;425;75;null
0;27213;425;75;1053
0;27331;1015;5;1053
0;27341;1015;5;null
0;27537;35;5;null
0;27547;35;5;2626
0;27743;1015;5;2626
0;27753;1015;5;null
0;27773;915;65;null
0;27783;915;65;1672
0;27791;955;55;1672
0;27801;955;55;null
0;27809;915;65;null
0;27819;915;65;578
0;27839;1015;5;578
0;27849;1015;5;null
0;28051;5;45;null
0;28061;5;45;2636
0;28263;1015;5;2636
0;28273;1015;5;null
0;28445;155;45;null
0;28455;155;45;2538
0;28607;915;95;2538
0;28617;915;95;null
0;28769;155;45;null
0;28779;155;45;665
0;28951;1015;5;665
0;28961;1015;5;null
0;29161;15;15;null
0;29171;15;15;2612
0;29371;1015;5;2612
0;29381;1015;5;null
0;29583;5;35;null
0;29593;5;35;2618
0;29795;1015;5;2618
0;29805;1015;5;null
0;30003;25;25;null
0;30013;25;25;2633
0;30211;1015;5;2633
0;30221;1015;5;null
0;30357;335;35;null
0;30367;335;35;2267
0;30503;1015;5;2267
0;30513;1015;5;null
0;30713;15;5;null
0;30723;15;5;2601
0;30923;1015;5;2601
0;30933;1015;5;null
0;31131;25;5;null
0;31141;25;5;2605
0;31339;1015;5;2605
0;31349;1015;5;null
0;31445;535;95;null
0;31455;535;95;2318
0;31551;1015;5;2318
0;31561;1015;5;null
0;31761;15;15;null
0;31771;15;15;2608
0;31971;1015;5;2608
0;31981;1015;5;null
0;32179;25;25;null
0;32189;25;25;2628
0;32387;1015;5;2628
0;32397;1015;5;null
0;32579;105;5;null
0;32589;105;5;2137
0;32751;915;95;2137
0;32761;915;95;null
0;32923;105;5;null
0;32933;105;5;1229
0;33101;945;65;1229
0;33111;945;65;null
0;33279;105;5;null
0;33289;105;5;594
0;33471;1015;5;594
0;33481;1015;5;null
0;33687;-15;5;null
0;33697;-15;5;2649
0;33889;945;65;2649